00111000 00110100 00100000 00111000 00110111 00100000 00110001 00110000 00110100 00100000 00110001
00110010 00110010 00100000 00111001 00111001 00100000 00110001 00110010 00110001 00100000 00110110
00110110 00100000 00110001 00110001 00110100 00100000 00110001 00110000 00110000 00100000 00110001
00110000 00111001 00100000 00111000 00110010 00100000 00110100 00111001 00100000 00110111 00110011
00100000 00110111 00110010 00100000 00110001 00110001 00110010 00100000 00110001 00110001 00110101
00100000 00111000 00111001 00100000 00110101 00110000 00100000 00110001 00110010 00110000 00100000
00110100 00111001 00100000 00110111 00110011 00100000 00110111 00110001 00100000 00110111 00110000
00100000 00110001 00110001 00111001 00100000 00110001 00110000 00110000 00100000 00110111 00110001
00100000 00110001 00110010 00110000 00100000 00110101 00110100 00100000 00110111 00110110 00100000
00110110 00110111 00100000 00110110 00110110 00100000 00110001 00110001 00110111 00100000 00111001
00111000 00100000 00110111 00110001 00100000 00110110 00111001 00100000 00110001 00110000 00110011
00100000 00111000 00111001 00100000 00110001 00110001 00110000 00100000 00111001 00111001 00100000
00110001 00110000 00110011 00100000 00111001 00111000 00100000 00110111 00110010 00100000 00110110
00110110 00100000 00110001 00110001 00110111 00100000 00111001 00111000 00100000 00110101 00110000
00100000 00110110 00111001 00100000 00110110 00110001 00100000
